Term# Numerator  Denominator         Term  Partial Sum   Abs. Error   Rel. Error 
--------------------------------------------------------------------------------
 0            1            1            1            1      0.99591       243.69
 1         -5.5            1         -5.5         -4.5       4.5041       1102.1
 2        30.25            2       15.125       10.625       10.621       2598.9
 3      -166.38            6       -27.73      -17.105       17.109       4186.5
 4       915.09           24       38.129       21.024        21.02       5143.4
 5        -5033          120      -41.942      -20.918       20.922       5119.5
 6        27682          720       38.447       17.529       17.525       4288.2
 7  -1.5225e+05         5040      -30.208      -12.679       12.683       3103.4
 8   8.3738e+05        40320       20.768         8.09       8.0859       1978.6
 9  -4.6056e+06   3.6288e+05      -12.692         -4.6       4.6041       1126.6
10   2.5331e+07   3.6288e+06       6.9805         2.38       2.3759       581.37
11  -1.3932e+08   3.9917e+07      -3.4902        -1.11       1.1141       272.61
12   7.6626e+08     4.79e+08       1.5997         0.49      0.48591        118.9
13  -4.2144e+09    6.227e+09     -0.67679        -0.19      0.19409       47.491
14   2.3179e+10   8.7178e+10      0.26588         0.08     0.075913       18.575
15  -1.2748e+11   1.3077e+12    -0.097484        -0.02     0.024087       5.8938
16   7.0114e+11   2.0923e+13      0.03351         0.01    0.0059132       1.4469
17  -3.8563e+12   3.5569e+14    -0.010842            0    0.0040868            1
18    2.121e+13   6.4024e+15    0.0033128            0    0.0040868            1
19  -1.1666e+14   1.2165e+17  -0.00095898            0    0.0040868            1
20   6.4163e+14    2.433e+18   0.00026372            0    0.0040868            1
21   -3.529e+15   5.1093e+19   -6.907e-05            0    0.0040868            1
22    1.941e+16    1.124e+21   1.7269e-05            0    0.0040868            1
23  -1.0676e+17   2.5852e+22  -4.1297e-06            0    0.0040868            1
24   5.8718e+17   6.2045e+23   9.4638e-07            0    0.0040868            1
25  -3.2295e+18   1.5511e+25  -2.0821e-07            0    0.0040868            1
26   1.7762e+19   4.0329e+26   4.4043e-08            0    0.0040868            1
27  -9.7691e+19   1.0889e+28  -8.9715e-09            0    0.0040868            1
28    5.373e+20   3.0489e+29   1.7623e-09            0    0.0040868            1
29  -2.9552e+21   8.8418e+30  -3.3423e-10            0    0.0040868            1
30   1.6254e+22   2.6525e+32   6.1278e-11            0    0.0040868            1
