Term# Numerator  Denominator         Term  Partial Sum   Abs. Error   Rel. Error 
--------------------------------------------------------------------------------
 0            1            1            1            1       243.69      0.99591
 1          5.5            1          5.5          6.5       238.19      0.97344
 2        30.25            2       15.125       21.625       223.07      0.91162
 3       166.38            6        27.73       49.355       195.34       0.7983
 4       915.09           24       38.129       87.484       157.21      0.64247
 5         5033          120       41.942       129.43       115.26      0.47105
 6        27682          720       38.447       167.88       76.812      0.31391
 7   1.5225e+05         5040       30.208       198.09       46.602      0.19045
 8   8.3738e+05        40320       20.768       218.86       25.832      0.10557
 9   4.6056e+06   3.6288e+05       12.692       231.55       13.142     0.053708
10   2.5331e+07   3.6288e+06       6.9805       238.53       6.1619     0.025182
11   1.3932e+08   3.9917e+07       3.4902       242.02       2.6719      0.01092
12   7.6626e+08     4.79e+08       1.5997       243.62       1.0719    0.0043807
13   4.2144e+09    6.227e+09      0.67679        244.3      0.39193    0.0016017
14   2.3179e+10   8.7178e+10      0.26588       244.57      0.12193   0.00049831
15   1.2748e+11   1.3077e+12     0.097484       244.67     0.021932   8.9632e-05
16   7.0114e+11   2.0923e+13      0.03351        244.7    0.0080677   3.2971e-05
17   3.8563e+12   3.5569e+14     0.010842       244.71     0.018068   7.3839e-05
18    2.121e+13   6.4024e+15    0.0033128       244.71     0.018068   7.3839e-05
19   1.1666e+14   1.2165e+17   0.00095898       244.71     0.018068   7.3839e-05
20   6.4163e+14    2.433e+18   0.00026372       244.71     0.018068   7.3839e-05
21    3.529e+15   5.1093e+19    6.907e-05       244.71     0.018068   7.3839e-05
22    1.941e+16    1.124e+21   1.7269e-05       244.71     0.018068   7.3839e-05
23   1.0676e+17   2.5852e+22   4.1297e-06       244.71     0.018068   7.3839e-05
24   5.8718e+17   6.2045e+23   9.4638e-07       244.71     0.018068   7.3839e-05
25   3.2295e+18   1.5511e+25   2.0821e-07       244.71     0.018068   7.3839e-05
26   1.7762e+19   4.0329e+26   4.4043e-08       244.71     0.018068   7.3839e-05
27   9.7691e+19   1.0889e+28   8.9715e-09       244.71     0.018068   7.3839e-05
28    5.373e+20   3.0489e+29   1.7623e-09       244.71     0.018068   7.3839e-05
29   2.9552e+21   8.8418e+30   3.3423e-10       244.71     0.018068   7.3839e-05
30   1.6254e+22   2.6525e+32   6.1278e-11       244.71     0.018068   7.3839e-05
