               n     e(x)_approx  Absolute Error
------------------------------------------------
               1               2             NaN
              10          2.5937         0.59374
             100          2.7048         0.11107
            1000          2.7169         0.01211
           10000          2.7181        0.001222
           1e+05          2.7183      0.00012231
           1e+06          2.7183      1.2232e-05
           1e+07          2.7183       1.225e-06
           1e+08          2.7183      1.0422e-07
           1e+09          2.7183      2.5366e-07
           1e+10          2.7183      1.2232e-09
           1e+11          2.7183      1.2232e-10
           1e+12          2.7185      0.00024144
           1e+13          2.7161       0.0024135
           1e+14          2.7161      1.2168e-13
           1e+15           3.035         0.31893
           1e+16               1           2.035
           1e+17               1               0
           1e+18               1               0
           1e+19               1               0
           1e+20               1               0
           1e+21               1               0
           1e+22               1               0
           1e+23               1               0
           1e+24               1               0
           1e+25               1               0
           1e+26               1               0
           1e+27               1               0
           1e+28               1               0
