Term# Numerator  Denominator         Term  Partial Sum   Abs. Error   Rel. Error 
--------------------------------------------------------------------------------
 0            1            1            1            1      0.99591       243.69
 1          5.5            1          5.5      0.15385      0.14976       36.646
 2        30.25            2       15.125     0.046243     0.042156       10.315
 3       166.38            6        27.73     0.020261     0.016174       3.9577
 4       915.09           24       38.129     0.011431    0.0073442       1.7971
 5         5033          120       41.942    0.0077262    0.0036394      0.89054
 6        27682          720       38.447    0.0059566    0.0018698      0.45753
 7   1.5225e+05         5040       30.208    0.0050482   0.00096143      0.23525
 8   8.3738e+05        40320       20.768    0.0045691   0.00048233      0.11802
 9   4.6056e+06   3.6288e+05       12.692    0.0043187   0.00023193     0.056751
10   2.5331e+07   3.6288e+06       6.9805    0.0041923   0.00010553     0.025822
11   1.3932e+08   3.9917e+07       3.4902    0.0041319   4.5129e-05     0.011043
12   7.6626e+08     4.79e+08       1.5997    0.0041048   1.8029e-05    0.0044114
13   4.2144e+09    6.227e+09      0.67679    0.0040933   6.5286e-06    0.0015975
14   2.3179e+10   8.7178e+10      0.26588    0.0040888   2.0286e-06   0.00049637
15   1.2748e+11   1.3077e+12     0.097484    0.0040871   3.2856e-07   8.0396e-05
16   7.0114e+11   2.0923e+13      0.03351    0.0040866   1.7144e-07    4.195e-05
17   3.8563e+12   3.5569e+14     0.010842    0.0040865   2.7144e-07   6.6419e-05
18    2.121e+13   6.4024e+15    0.0033128    0.0040865   2.7144e-07   6.6419e-05
19   1.1666e+14   1.2165e+17   0.00095898    0.0040865   2.7144e-07   6.6419e-05
20   6.4163e+14    2.433e+18   0.00026372    0.0040865   2.7144e-07   6.6419e-05
21    3.529e+15   5.1093e+19    6.907e-05    0.0040865   2.7144e-07   6.6419e-05
22    1.941e+16    1.124e+21   1.7269e-05    0.0040865   2.7144e-07   6.6419e-05
23   1.0676e+17   2.5852e+22   4.1297e-06    0.0040865   2.7144e-07   6.6419e-05
24   5.8718e+17   6.2045e+23   9.4638e-07    0.0040865   2.7144e-07   6.6419e-05
25   3.2295e+18   1.5511e+25   2.0821e-07    0.0040865   2.7144e-07   6.6419e-05
26   1.7762e+19   4.0329e+26   4.4043e-08    0.0040865   2.7144e-07   6.6419e-05
27   9.7691e+19   1.0889e+28   8.9715e-09    0.0040865   2.7144e-07   6.6419e-05
28    5.373e+20   3.0489e+29   1.7623e-09    0.0040865   2.7144e-07   6.6419e-05
29   2.9552e+21   8.8418e+30   3.3423e-10    0.0040865   2.7144e-07   6.6419e-05
30   1.6254e+22   2.6525e+32   6.1278e-11    0.0040865   2.7144e-07   6.6419e-05
